task    arm       gold 1st-gold turns   tok_in  tok_out  cost  cli
44605   d19 raw      0     None     6        8     2040   0.1    0
44605   d19          0     None     6        8     2138   0.1    1
47120   d19 raw      1        4     7       12     1128   0.1    0
47120   d19          1        3     7       12     1183  0.11    2
52502   d19 raw      0     None     6        8     1108  0.11    0
52502   d19v2        0     None    15       22     2861  0.25    4
52502   d19h         0     None    19       22     3816  0.18    0
52502   d19f         0     None    20       20     5315  0.22    0
52502   d19b-brief    0        1    11       12     1818  0.15    0
52568   d19 raw      1        6    14       18     2035  0.14    0
52568   d19v2        1        9    18       20     2595  0.22    3
52568   d19f         1        6    19       24     3242  0.19    1
52568   d19b-brief    1        3    15       20     2626  0.15    0
52640   d19 raw      1        9    14       20     1849  0.16    0
52640   d19h         1        6    16       24     3061  0.16    0
52642   d19 raw      1        5    11       16     1579  0.11    0
52669   d19 raw      1        5    10       14     1475  0.11    0
52670   d19 raw      1        5    11       14     1759  0.13    0
52670   d19v2        1       17    21       28     3118  0.37    4
52670   d19h         1        5    10       14     1507  0.13    0
52670   d19f         1        9    14       18     1751  0.16    0
52670   d19b-brief    1        1     6        8     1263  0.14    0
52681   d19 raw      1        2     5        8      796  0.08    0
52706   d19 raw      1        3     5       10      829   0.1    0
